 YEAR     JAN     FEB     MAR     APR     MAY     JUN     JUL     AUG     SEP     OCT     NOV     DEC     MAM     JJA     SON     DJF     ANN
 1901     1.3     1.7     2.8     3.7     3.9     3.7     3.1     2.9     2.7     2.3     1.6     1.3     3.5     3.2     2.2     1.5     2.6
 1902     1.3     1.8     2.9     3.6     3.8     3.7     3.1     2.9     2.6     2.2     1.6     1.3     3.4     3.2     2.1     1.4     2.6
 1903     1.3     1.7     2.7     3.7     3.9     3.8     3.1     2.9     2.6     2.2     1.6     1.2     3.4     3.2     2.1     1.5     2.6
 1904     1.3     1.8     2.8     3.7     3.8     3.7     3.1     2.9     2.7     2.3     1.6     1.3     3.4     3.2     2.2     1.4     2.6
 1905     1.3     1.7     2.5     3.4     3.8     3.8     3.1     2.9     2.7     2.3     1.7     1.3     3.3     3.3     2.2     1.4     2.5
 1906     1.3     1.7     2.6     3.7     3.9     3.8     3.2     2.9     2.7     2.3     1.7     1.3     3.4     3.3     2.2     1.4     2.6
 1907     1.3     1.7     2.6     3.5     3.7     3.7     3.1     2.9     2.7     2.3     1.6     1.2     3.3     3.2     2.2     1.5     2.5
 1908     1.3     1.8     2.8     3.8     3.9     3.8     3.1     2.9     2.7     2.2     1.6     1.3     3.5     3.2     2.2     1.5     2.6
 1909     1.3     1.8     2.9     3.5     3.8     3.6     3.1     2.9     2.7     2.3     1.7     1.3     3.4     3.2     2.2     1.5     2.6
 1910     1.3     1.8     2.8     3.6     3.9     3.6     3.1     2.9     2.7     2.2     1.6     1.3     3.4     3.2     2.2     1.5     2.6
 1911     1.3     1.8     2.6     3.7     3.9     3.6     3.1     2.9     2.6     2.2     1.5     1.2     3.4     3.2     2.1     1.5     2.5
 1912     1.3     1.8     2.7     3.6     3.8     3.7     3.1     2.9     2.7     2.2     1.6     1.3     3.3     3.2     2.2     1.5     2.5
 1913     1.4     1.8     2.6     3.7     3.7     3.5     3.2     2.9     2.7     2.2     1.6     1.2     3.3     3.2     2.2     1.5     2.5
 1914     1.4     1.8     2.7     3.6     3.7     3.7     3.1     2.9     2.7     2.2     1.6     1.3     3.3     3.2     2.2     1.5     2.6
 1915     1.3     1.8     2.7     3.7     3.9     3.7     3.1     2.9     2.7     2.3     1.6     1.3     3.4     3.3     2.2     1.5     2.6
 1916     1.3     1.8     2.9     3.7     3.9     3.6     3.1     2.9     2.7     2.2     1.6     1.2     3.5     3.2     2.2     1.5     2.6
 1917     1.4     1.8     2.7     3.4     3.6     3.6     3.1     2.9     2.6     2.2     1.6     1.3     3.2     3.2     2.1     1.5     2.5
 1918     1.3     1.8     2.8     3.5     3.8     3.5     3.1     2.9     2.7     2.3     1.6     1.2     3.4     3.2     2.2     1.4     2.6
 1919     1.3     1.7     2.9     3.6     3.8     3.7     3.1     2.9     2.7     2.2     1.6     1.3     3.4     3.2     2.2     1.5     2.6
 1920     1.3     1.8     2.7     3.7     3.6     3.8     3.1     2.9     2.7     2.3     1.7     1.3     3.3     3.3     2.2     1.5     2.6
 1921     1.4     1.8     2.8     3.8     3.9     3.7     3.1     2.9     2.6     2.2     1.6     1.3     3.5     3.2     2.1     1.5     2.6
 1922     1.3     1.8     2.8     3.7     3.9     3.6     3.1     2.9     2.7     2.2     1.6     1.3     3.5     3.2     2.2     1.5     2.6
 1923     1.4     1.8     2.9     3.7     3.8     3.8     3.1     2.9     2.7     2.2     1.6     1.3     3.5     3.2     2.2     1.5     2.6
 1924     1.4     1.8     2.9     3.8     3.7     3.8     3.1     2.9     2.6     2.2     1.6     1.3     3.5     3.3     2.2     1.4     2.6
 1925     1.3     1.7     2.8     3.8     3.8     3.7     3.1     2.9     2.7     2.2     1.6     1.3     3.5     3.2     2.2     1.5     2.6
 1926     1.4     1.8     2.6     3.4     3.7     3.8     3.1     2.9     2.7     2.2     1.5     1.3     3.2     3.3     2.1     1.4     2.5
 1927     1.3     1.7     2.7     3.6     3.8     3.7     3.2     2.9     2.7     2.3     1.6     1.3     3.4     3.3     2.2     1.5     2.6
 1928     1.4     1.8     2.8     3.7     3.9     3.7     3.1     2.9     2.6     2.2     1.6     1.3     3.5     3.2     2.2     1.5     2.6
 1929     1.4     1.7     2.9     3.8     3.9     3.7     3.1     2.9     2.7     2.2     1.6     1.2     3.5     3.2     2.2     1.4     2.6
 1930     1.3     1.8     2.8     3.7     3.9     3.7     3.1     2.9     2.7     2.3     1.6     1.3     3.5     3.3     2.2     1.5     2.6
 1931     1.4     1.7     2.8     3.9     3.9     3.9     3.2     2.9     2.7     2.2     1.6     1.3     3.5     3.3     2.1     1.5     2.6
 1932     1.4     1.8     2.9     3.8     3.8     3.8     3.2     2.9     2.8     2.3     1.6     1.3     3.5     3.3     2.2     1.5     2.6
 1933     1.3     1.8     2.9     3.5     3.6     3.6     3.1     2.9     2.7     2.2     1.6     1.3     3.3     3.2     2.2     1.5     2.5
 1934     1.3     1.8     2.8     3.8     3.9     3.7     3.2     2.9     2.8     2.2     1.6     1.3     3.5     3.3     2.2     1.5     2.6
 1935     1.3     1.8     2.9     3.5     4.0     3.9     3.2     2.9     2.8     2.3     1.7     1.3     3.5     3.3     2.3     1.5     2.6
 1936     1.3     1.8     2.9     3.7     3.8     3.5     3.1     3.0     2.7     2.2     1.7     1.3     3.5     3.2     2.2     1.5     2.6
 1937     1.4     1.8     2.8     3.6     3.8     3.8     3.2     2.9     2.8     2.2     1.6     1.3     3.4     3.3     2.2     1.4     2.6
 1938     1.4     1.7     2.8     3.9     3.8     3.5     3.2     2.9     2.8     2.3     1.5     1.3     3.5     3.2     2.2     1.5     2.6
 1939     1.4     1.8     2.7     3.7     4.0     3.6     3.2     3.0     2.8     2.3     1.6     1.3     3.4     3.3     2.2     1.5     2.6
 1940     1.4     1.8     2.6     3.7     3.9     3.8     3.1     3.0     2.8     2.3     1.7     1.3     3.4     3.3     2.3     1.5     2.6
 1941     1.3     1.8     2.9     3.9     3.8     3.5     3.1     2.9     2.7     2.3     1.6     1.3     3.5     3.2     2.2     1.5     2.6
 1942     1.4     1.8     2.9     3.8     4.0     3.8     3.2     2.9     2.7     2.3     1.7     1.3     3.5     3.3     2.2     1.5     2.6
 1943     1.3     1.8     2.8     3.6     4.0     3.8     3.1     2.9     2.8     2.3     1.7     1.3     3.5     3.3     2.3     1.5     2.6
 1944     1.3     1.8     2.8     3.6     4.0     3.8     3.1     3.0     2.7     2.3     1.7     1.3     3.4     3.3     2.2     1.5     2.6
 1945     1.3     1.8     2.9     3.6     3.9     3.9     3.2     2.9     2.7     2.2     1.7     1.3     3.5     3.3     2.2     1.5     2.6
 1946     1.4     1.9     2.9     3.7     3.7     3.6     3.2     3.0     2.8     2.2     1.7     1.3     3.4     3.3     2.2     1.5     2.6
 1947     1.4     1.9     2.9     3.9     3.9     3.8     3.2     2.9     2.7     2.2     1.7     1.3     3.6     3.3     2.2     1.5     2.6
 1948     1.4     1.8     2.7     3.8     3.8     3.7     3.2     2.9     2.8     2.3     1.6     1.3     3.5     3.3     2.2     1.5     2.6
 1949     1.4     1.8     2.8     3.6     3.7     3.7     3.1     2.9     2.7     2.3     1.6     1.3     3.4     3.3     2.2     1.5     2.6
 1950     1.4     1.8     2.8     3.8     4.0     3.7     3.1     2.9     2.8     2.2     1.6     1.3     3.5     3.2     2.2     1.5     2.6
 1951     1.4     1.9     2.9     3.7     4.0     3.7     3.2     3.0     2.9     2.3     1.7     1.3     3.5     3.3     2.3     1.5     2.7
 1952     1.4     1.8     2.7     3.6     3.8     3.7     3.1     2.9     2.7     2.4     1.7     1.3     3.3     3.2     2.3     1.5     2.6
 1953     1.3     1.8     2.8     3.8     3.8     3.6     3.1     2.9     2.7     2.3     1.7     1.3     3.5     3.2     2.2     1.5     2.6
 1954     1.3     1.8     2.9     3.8     3.9     3.5     3.1     2.8     2.6     2.2     1.6     1.3     3.5     3.1     2.1     1.5     2.6
 1955     1.3     1.9     3.0     3.6     3.9     3.6     3.0     2.8     2.6     2.1     1.6     1.3     3.5     3.2     2.1     1.5     2.6
 1956     1.3     1.9     2.8     3.8     3.9     3.5     3.1     2.9     2.7     2.2     1.6     1.2     3.5     3.2     2.2     1.4     2.6
 1957     1.3     1.8     2.7     3.7     4.0     3.8     3.1     2.9     2.8     2.3     1.7     1.3     3.5     3.3     2.3     1.5     2.6
 1958     1.3     1.8     2.8     3.7     3.8     3.8     3.0     2.8     2.6     2.3     1.7     1.2     3.4     3.2     2.2     1.4     2.6
 1959     1.3     1.8     2.9     3.7     3.7     3.6     3.0     2.8     2.5     2.0     1.7     1.3     3.4     3.1     2.1     1.5     2.5
 1960     1.3     1.9     2.6     3.6     3.8     3.6     3.0     2.8     2.5     2.2     1.7     1.4     3.3     3.1     2.1     1.5     2.5
 1961     1.3     1.8     2.8     3.8     3.8     3.8     3.1     2.8     2.5     2.2     1.5     1.2     3.5     3.2     2.1     1.4     2.5
 1962     1.4     1.7     2.8     3.7     3.7     3.6     3.1     2.8     2.6     2.2     1.7     1.2     3.4     3.1     2.2     1.5     2.5
 1963     1.4     1.9     2.6     3.5     3.7     3.7     3.1     2.9     2.7     2.2     1.5     1.3     3.2     3.2     2.1     1.5     2.5
 1964     1.4     1.8     2.9     3.6     3.6     3.8     3.1     2.9     2.7     2.4     1.7     1.3     3.4     3.3     2.3     1.5     2.6
 1965     1.4     1.8     2.6     3.5     3.8     3.7     3.1     2.9     2.7     2.2     1.6     1.3     3.3     3.2     2.2     1.5     2.6
 1966     1.4     1.8     2.9     3.6     4.0     3.7     3.2     2.8     2.7     2.3     1.7     1.3     3.5     3.2     2.2     1.5     2.6
 1967     1.4     1.9     2.6     3.6     3.8     3.6     3.2     2.8     2.7     2.2     1.5     1.2     3.3     3.2     2.2     1.4     2.6
 1968     1.2     1.8     2.8     3.6     3.8     3.6     3.1     3.0     2.9     2.1     1.7     1.3     3.4     3.2     2.2     1.5     2.6
 1969     1.4     1.9     2.9     3.6     3.7     3.7     3.1     3.0     2.6     2.2     1.7     1.4     3.4     3.3     2.2     1.5     2.6
 1970     1.3     1.8     2.8     3.8     4.0     3.7     3.2     2.9     2.7     2.3     1.7     1.4     3.5     3.3     2.2     1.5     2.6
 1971     1.4     1.8     2.9     3.6     3.6     3.5     3.1     2.9     2.9     2.2     1.6     1.4     3.3     3.2     2.3     1.5     2.6
 1972     1.5     1.8     2.9     3.7     4.2     3.9     3.4     3.0     2.8     2.2     1.6     1.3     3.6     3.5     2.2     1.5     2.7
 1973     1.4     1.8     2.8     3.9     3.8     3.5     3.2     2.9     2.7     2.1     1.6     1.3     3.5     3.2     2.1     1.5     2.6
 1974     1.4     1.9     2.8     3.8     3.8     3.7     3.1     2.9     2.8     2.4     1.7     1.3     3.5     3.2     2.3     1.4     2.6
 1975     1.3     1.8     2.8     3.9     3.9     3.7     3.1     2.9     2.5     2.3     1.7     1.3     3.5     3.2     2.2     1.5     2.6
 1976     1.4     1.8     2.8     3.7     3.7     3.6     3.2     2.9     2.7     2.3     1.8     1.3     3.4     3.2     2.3     1.6     2.6
 1977     1.4     2.0     3.1     3.6     3.5     3.5     3.1     2.9     2.7     2.1     1.6     1.2     3.4     3.2     2.2     1.4     2.6
 1978     1.3     1.7     2.6     3.6     3.8     3.6     3.1     2.8     2.5     2.2     1.6     1.3     3.4     3.2     2.1     1.4     2.5
 1979     1.3     1.6     2.7     3.8     4.1     3.9     3.2     2.9     2.7     2.2     1.6     1.1     3.5     3.3     2.2     1.4     2.6
 1980     1.3     1.8     2.7     3.8     3.6     3.5     3.0     2.9     2.7     2.1     1.7     1.3     3.4     3.2     2.2     1.5     2.5
 1981     1.2     1.9     2.7     3.7     3.7     3.7     3.1     3.0     2.7     2.4     1.6     1.3     3.3     3.3     2.3     1.4     2.6
 1982     1.3     1.7     2.6     3.6     3.7     3.7     3.2     3.0     2.9     2.2     1.5     1.3     3.3     3.3     2.2     1.4     2.6
 1983     1.3     1.7     2.7     3.4     3.6     3.7     3.4     3.2     2.7     2.3     1.6     1.3     3.3     3.4     2.2     1.5     2.6
 1984     1.4     1.8     3.1     3.7     4.0     3.7     3.0     3.0     2.7     2.4     1.6     1.4     3.6     3.2     2.2     1.6     2.7
 1985     1.3     2.0     3.0     3.8     3.8     3.7     3.0     3.0     2.7     2.2     1.7     1.3     3.6     3.2     2.2     1.5     2.6
 1986     1.4     1.8     2.8     3.6     3.6     3.9     3.2     3.1     2.8     2.1     1.7     1.2     3.3     3.4     2.2     1.4     2.6
 1987     1.4     1.7     2.7     3.5     3.7     3.7     3.2     2.8     2.7     2.2     1.7     1.2     3.3     3.2     2.2     1.4     2.5
 1988     1.3     1.8     2.7     3.6     3.7     3.6     2.9     2.7     2.7     2.3     1.6     1.2     3.4     3.1     2.2     1.4     2.5
 1989     1.3     1.7     2.8     3.7     3.9     3.6     3.2     2.8     2.7     2.2     1.6     1.2     3.5     3.2     2.2     1.4     2.6
 1990     1.5     1.6     2.6     3.5     3.6     3.7     3.0     2.9     2.5     2.2     1.7     1.3     3.3     3.2     2.1     1.4     2.5
 1991     1.3     1.8     2.8     3.6     3.8     3.5     3.1     2.8     2.6     2.3     1.6     1.2     3.4     3.1     2.2     1.4     2.5
 1992     1.3     1.7     3.0     3.8     3.7     3.7     3.0     2.8     2.7     2.2     1.6     1.2     3.5     3.2     2.2     1.5     2.6
 1993     1.4     1.8     2.6     3.5     3.7     3.5     3.1     2.9     2.5     2.3     1.7     1.3     3.3     3.2     2.2     1.5     2.5
 1994     1.4     1.7     2.9     3.6     3.9     3.7     3.1     2.8     2.7     2.3     1.5     1.3     3.4     3.2     2.2     1.4     2.6
 1995     1.2     1.6     2.7     3.6     3.9     3.7     3.0     2.8     2.7     2.3     1.6     1.2     3.4     3.2     2.2     1.4     2.5
 1996     1.3     1.7     2.5     3.8     3.8     3.4     3.1     2.9     2.6     2.2     1.8     1.4     3.3     3.1     2.2     1.5     2.5
 1997     1.4     1.8     2.9     3.5     3.7     3.9     3.3     3.2     2.6     2.1     1.6     1.2     3.3     3.5     2.1     1.5     2.6
 1998     1.4     1.9     2.8     3.3     4.0     4.1     3.2     2.8     2.7     2.3     1.7     1.3     3.4     3.4     2.3     1.6     2.6
 1999     1.4     2.0     3.1     4.1     3.8     3.9     3.2     2.9     2.7     2.2     1.6     1.4     3.7     3.3     2.2     1.5     2.7
 2000     1.4     1.8     2.8     3.9     3.9     3.8     3.2     3.1     2.7     2.4     1.8     1.4     3.5     3.4     2.3     1.7     2.7
 2001     1.5     2.1     2.8     3.7     3.8     3.7     3.2     3.1     2.9     2.4     1.8     1.4     3.5     3.4     2.4     1.6     2.7
 2002     1.4     2.0     3.0     3.8     3.8     4.0     3.4     3.0     2.6     2.3     1.8     1.4     3.6     3.4     2.2     1.5     2.7
 2003     1.5     1.8     2.8     4.0     3.8     3.5     3.2     3.1     2.8     2.4     1.8     1.3     3.5     3.3     2.3     1.5     2.7
 2004     1.4     2.0     3.3     3.8     4.0     3.6     3.0     3.0     2.9     2.3     1.7     1.4     3.7     3.2     2.3     1.6     2.7
 2005     1.4     1.9     3.0     3.8     3.8     3.8     3.2     3.0     2.9     2.3     1.8     1.3     3.5     3.3     2.3     1.7     2.7
 2006     1.6     2.2     2.9     3.6     3.8     3.7     3.3     3.0     2.9     2.3     1.7     1.4     3.4     3.3     2.3     1.6     2.7
 2007     1.5     1.8     3.0     3.9     4.0     3.7     3.2     3.0     2.7     2.4     1.8     1.4     3.6     3.3     2.3     1.5     2.7
 2008     1.4     1.8     3.0     3.9     3.7     3.4     3.1     2.9     2.8     2.3     1.8     1.5     3.5     3.1     2.3     1.7     2.6
 2009     1.6     2.0     3.0     4.1     3.8     4.0     3.4     3.1     2.9     2.4     1.8     1.4     3.6     3.5     2.4     1.6     2.8
 2010     1.5     2.0     3.2     4.2     4.0     4.0     3.3     2.9     2.7     2.3     1.8     1.4     3.8     3.4     2.3     1.6     2.8
 2011     1.4     1.9     2.9     3.7     3.7     3.5     3.1     3.0     2.8     2.4     1.8     1.5     3.5     3.2     2.3     1.6     2.6
 2012     1.3     1.9     3.0     3.7     4.0     3.7     3.2     3.0     2.8     2.3     1.7     1.4     3.6     3.3     2.3     1.6     2.7
 2013     1.4     1.8     2.9     3.7     3.9     3.6     3.1     3.0     2.8     2.2     1.7     1.3     3.5     3.3     2.2     1.5     2.6
 2014     1.4     1.8     2.8     3.8     3.7     3.9     3.2     3.1     2.8     2.3     1.8     1.3     3.4     3.4     2.3     1.5     2.6
 2015     1.3     1.9     2.8     3.7     3.9     3.7     3.3     3.0     2.9     2.4     1.8     1.3     3.5     3.3     2.4     1.6     2.7
 2016     1.4     2.0     2.9     3.9     3.7     3.7     3.2     3.1     2.7     2.4     1.8     1.4     3.5     3.3     2.3     1.6     2.7
 2017     1.4     2.0     2.8     3.8     3.8     3.7     3.2     3.0     2.9     2.4     1.8     1.4     3.5     3.3     2.4     1.6     2.7
 2018     1.5     1.9     2.9     3.7     3.7     3.9     3.2     3.0     2.8     2.2     1.7     1.3     3.4     3.4     2.2  -999.0     2.6
